0.23879927 0.0022144988 0.27579275 0.06951239 0.06988217 0.051443685 0.26031017 0.005591033 0.03252601 0.0019780283
0.019853458 0.17523561 0.029131513 0.1210075 0.13425305 0.11032647 0.007537329 0.13780789 0.114576735 0.15871142
0.23879927 0.0022144988 0.27579275 0.06951239 0.06988217 0.051443685 0.26031017 0.005591033 0.03252601 0.0019780283
0.019853458 0.17523561 0.029131513 0.1210075 0.13425305 0.11032647 0.007537329 0.13780789 0.114576735 0.15871142
0.019853458 0.17523561 0.029131513 0.1210075 0.13425305 0.11032647 0.007537329 0.13780789 0.114576735 0.15871142
0.019853458 0.17523561 0.029131513 0.1210075 0.13425305 0.11032647 0.007537329 0.13780789 0.114576735 0.15871142
0.23879927 0.0022144988 0.27579275 0.06951239 0.06988217 0.051443685 0.26031017 0.005591033 0.03252601 0.0019780283
0.23879927 0.0022144988 0.27579275 0.06951239 0.06988217 0.051443685 0.26031017 0.005591033 0.03252601 0.0019780283
0.23879927 0.0022144988 0.27579275 0.06951239 0.06988217 0.051443685 0.26031017 0.005591033 0.03252601 0.0019780283
0.019853458 0.17523561 0.029131513 0.1210075 0.13425305 0.11032647 0.007537329 0.13780789 0.114576735 0.15871142
0.23879927 0.0022144988 0.27579275 0.06951239 0.06988217 0.051443685 0.26031017 0.005591033 0.03252601 0.0019780283
0.23879927 0.0022144988 0.27579275 0.06951239 0.06988217 0.051443685 0.26031017 0.005591033 0.03252601 0.0019780283
0.23879927 0.0022144988 0.27579275 0.06951239 0.06988217 0.051443685 0.26031017 0.005591033 0.03252601 0.0019780283
0.019853458 0.17523561 0.029131513 0.1210075 0.13425305 0.11032647 0.007537329 0.13780789 0.114576735 0.15871142
0.019853458 0.17523561 0.029131513 0.1210075 0.13425305 0.11032647 0.007537329 0.13780789 0.114576735 0.15871142
0.23879927 0.0022144988 0.27579275 0.06951239 0.06988217 0.051443685 0.26031017 0.005591033 0.03252601 0.0019780283
0.019853458 0.17523561 0.029131513 0.1210075 0.13425305 0.11032647 0.007537329 0.13780789 0.114576735 0.15871142
0.019853458 0.17523561 0.029131513 0.1210075 0.13425305 0.11032647 0.007537329 0.13780789 0.114576735 0.15871142
0.019853458 0.17523561 0.029131513 0.1210075 0.13425305 0.11032647 0.007537329 0.13780789 0.114576735 0.15871142
0.019853458 0.17523561 0.029131513 0.1210075 0.13425305 0.11032647 0.007537329 0.13780789 0.114576735 0.15871142
0.23879927 0.0022144988 0.27579275 0.06951239 0.06988217 0.051443685 0.26031017 0.005591033 0.03252601 0.0019780283
0.019853458 0.17523561 0.029131513 0.1210075 0.13425305 0.11032647 0.007537329 0.13780789 0.114576735 0.15871142
0.23879927 0.0022144988 0.27579275 0.06951239 0.06988217 0.051443685 0.26031017 0.005591033 0.03252601 0.0019780283
0.23879927 0.0022144988 0.27579275 0.06951239 0.06988217 0.051443685 0.26031017 0.005591033 0.03252601 0.0019780283
0.019853458 0.17523561 0.029131513 0.1210075 0.13425305 0.11032647 0.007537329 0.13780789 0.114576735 0.15871142
0.23879927 0.0022144988 0.27579275 0.06951239 0.06988217 0.051443685 0.26031017 0.005591033 0.03252601 0.0019780283
0.019853458 0.17523561 0.029131513 0.1210075 0.13425305 0.11032647 0.007537329 0.13780789 0.114576735 0.15871142
0.019853458 0.17523561 0.029131513 0.1210075 0.13425305 0.11032647 0.007537329 0.13780789 0.114576735 0.15871142
0.019853458 0.17523561 0.029131513 0.1210075 0.13425305 0.11032647 0.007537329 0.13780789 0.114576735 0.15871142
0.23879927 0.0022144988 0.27579275 0.06951239 0.06988217 0.051443685 0.26031017 0.005591033 0.03252601 0.0019780283
0.019853458 0.17523561 0.029131513 0.1210075 0.13425305 0.11032647 0.007537329 0.13780789 0.114576735 0.15871142
0.019853458 0.17523561 0.029131513 0.1210075 0.13425305 0.11032647 0.007537329 0.13780789 0.114576735 0.15871142
0.23879927 0.0022144988 0.27579275 0.06951239 0.06988217 0.051443685 0.26031017 0.005591033 0.03252601 0.0019780283
0.23879927 0.0022144988 0.27579275 0.06951239 0.06988217 0.051443685 0.26031017 0.005591033 0.03252601 0.0019780283
0.019853458 0.17523561 0.029131513 0.1210075 0.13425305 0.11032647 0.007537329 0.13780789 0.114576735 0.15871142
0.23879927 0.0022144988 0.27579275 0.06951239 0.06988217 0.051443685 0.26031017 0.005591033 0.03252601 0.0019780283
0.019853458 0.17523561 0.029131513 0.1210075 0.13425305 0.11032647 0.007537329 0.13780789 0.114576735 0.15871142
0.019853458 0.17523561 0.029131513 0.1210075 0.13425305 0.11032647 0.007537329 0.13780789 0.114576735 0.15871142
0.019853458 0.17523561 0.029131513 0.1210075 0.13425305 0.11032647 0.007537329 0.13780789 0.114576735 0.15871142
0.019853458 0.17523561 0.029131513 0.1210075 0.13425305 0.11032647 0.007537329 0.13780789 0.114576735 0.15871142
0.019853458 0.17523561 0.029131513 0.1210075 0.13425305 0.11032647 0.007537329 0.13780789 0.114576735 0.15871142
0.019853458 0.17523561 0.029131513 0.1210075 0.13425305 0.11032647 0.007537329 0.13780789 0.114576735 0.15871142
0.23879927 0.0022144988 0.27579275 0.06951239 0.06988217 0.051443685 0.26031017 0.005591033 0.03252601 0.0019780283
0.23879927 0.0022144988 0.27579275 0.06951239 0.06988217 0.051443685 0.26031017 0.005591033 0.03252601 0.0019780283
0.23879927 0.0022144988 0.27579275 0.06951239 0.06988217 0.051443685 0.26031017 0.005591033 0.03252601 0.0019780283
0.019853458 0.17523561 0.029131513 0.1210075 0.13425305 0.11032647 0.007537329 0.13780789 0.114576735 0.15871142
0.23879927 0.0022144988 0.27579275 0.06951239 0.06988217 0.051443685 0.26031017 0.005591033 0.03252601 0.0019780283
0.019853458 0.17523561 0.029131513 0.1210075 0.13425305 0.11032647 0.007537329 0.13780789 0.114576735 0.15871142
0.019853458 0.17523561 0.029131513 0.1210075 0.13425305 0.11032647 0.007537329 0.13780789 0.114576735 0.15871142
0.019853458 0.17523561 0.029131513 0.1210075 0.13425305 0.11032647 0.007537329 0.13780789 0.114576735 0.15871142
0.23879927 0.0022144988 0.27579275 0.06951239 0.06988217 0.051443685 0.26031017 0.005591033 0.03252601 0.0019780283
0.019853458 0.17523561 0.029131513 0.1210075 0.13425305 0.11032647 0.007537329 0.13780789 0.114576735 0.15871142
0.019853458 0.17523561 0.029131513 0.1210075 0.13425305 0.11032647 0.007537329 0.13780789 0.114576735 0.15871142
0.23879927 0.0022144988 0.27579275 0.06951239 0.06988217 0.051443685 0.26031017 0.005591033 0.03252601 0.0019780283
0.019853458 0.17523561 0.029131513 0.1210075 0.13425305 0.11032647 0.007537329 0.13780789 0.114576735 0.15871142
0.019853458 0.17523561 0.029131513 0.1210075 0.13425305 0.11032647 0.007537329 0.13780789 0.114576735 0.15871142
0.23879927 0.0022144988 0.27579275 0.06951239 0.06988217 0.051443685 0.26031017 0.005591033 0.03252601 0.0019780283
0.019853458 0.17523561 0.029131513 0.1210075 0.13425305 0.11032647 0.007537329 0.13780789 0.114576735 0.15871142
0.23879927 0.0022144988 0.27579275 0.06951239 0.06988217 0.051443685 0.26031017 0.005591033 0.03252601 0.0019780283
0.019853458 0.17523561 0.029131513 0.1210075 0.13425305 0.11032647 0.007537329 0.13780789 0.114576735 0.15871142
0.23879927 0.0022144988 0.27579275 0.06951239 0.06988217 0.051443685 0.26031017 0.005591033 0.03252601 0.0019780283
0.23879927 0.0022144988 0.27579275 0.06951239 0.06988217 0.051443685 0.26031017 0.005591033 0.03252601 0.0019780283
0.019853458 0.17523561 0.029131513 0.1210075 0.13425305 0.11032647 0.007537329 0.13780789 0.114576735 0.15871142
0.019853458 0.17523561 0.029131513 0.1210075 0.13425305 0.11032647 0.007537329 0.13780789 0.114576735 0.15871142
0.23879927 0.0022144988 0.27579275 0.06951239 0.06988217 0.051443685 0.26031017 0.005591033 0.03252601 0.0019780283
0.23879927 0.0022144988 0.27579275 0.06951239 0.06988217 0.051443685 0.26031017 0.005591033 0.03252601 0.0019780283
0.019853458 0.17523561 0.029131513 0.1210075 0.13425305 0.11032647 0.007537329 0.13780789 0.114576735 0.15871142
0.019853458 0.17523561 0.029131513 0.1210075 0.13425305 0.11032647 0.007537329 0.13780789 0.114576735 0.15871142
0.019853458 0.17523561 0.029131513 0.1210075 0.13425305 0.11032647 0.007537329 0.13780789 0.114576735 0.15871142
0.019853458 0.17523561 0.029131513 0.1210075 0.13425305 0.11032647 0.007537329 0.13780789 0.114576735 0.15871142
0.019853458 0.17523561 0.029131513 0.1210075 0.13425305 0.11032647 0.007537329 0.13780789 0.114576735 0.15871142
0.019853458 0.17523561 0.029131513 0.1210075 0.13425305 0.11032647 0.007537329 0.13780789 0.114576735 0.15871142
0.019853458 0.17523561 0.029131513 0.1210075 0.13425305 0.11032647 0.007537329 0.13780789 0.114576735 0.15871142
0.019853458 0.17523561 0.029131513 0.1210075 0.13425305 0.11032647 0.007537329 0.13780789 0.114576735 0.15871142
0.23879927 0.0022144988 0.27579275 0.06951239 0.06988217 0.051443685 0.26031017 0.005591033 0.03252601 0.0019780283
0.019853458 0.17523561 0.029131513 0.1210075 0.13425305 0.11032647 0.007537329 0.13780789 0.114576735 0.15871142
0.019853458 0.17523561 0.029131513 0.1210075 0.13425305 0.11032647 0.007537329 0.13780789 0.114576735 0.15871142
0.019853458 0.17523561 0.029131513 0.1210075 0.13425305 0.11032647 0.007537329 0.13780789 0.114576735 0.15871142
0.019853458 0.17523561 0.029131513 0.1210075 0.13425305 0.11032647 0.007537329 0.13780789 0.114576735 0.15871142
0.019853458 0.17523561 0.029131513 0.1210075 0.13425305 0.11032647 0.007537329 0.13780789 0.114576735 0.15871142
0.23879927 0.0022144988 0.27579275 0.06951239 0.06988217 0.051443685 0.26031017 0.005591033 0.03252601 0.0019780283
0.019853458 0.17523561 0.029131513 0.1210075 0.13425305 0.11032647 0.007537329 0.13780789 0.114576735 0.15871142
0.019853458 0.17523561 0.029131513 0.1210075 0.13425305 0.11032647 0.007537329 0.13780789 0.114576735 0.15871142
0.019853458 0.17523561 0.029131513 0.1210075 0.13425305 0.11032647 0.007537329 0.13780789 0.114576735 0.15871142
0.019853458 0.17523561 0.029131513 0.1210075 0.13425305 0.11032647 0.007537329 0.13780789 0.114576735 0.15871142
0.019853458 0.17523561 0.029131513 0.1210075 0.13425305 0.11032647 0.007537329 0.13780789 0.114576735 0.15871142
0.019853458 0.17523561 0.029131513 0.1210075 0.13425305 0.11032647 0.007537329 0.13780789 0.114576735 0.15871142
0.019853458 0.17523561 0.029131513 0.1210075 0.13425305 0.11032647 0.007537329 0.13780789 0.114576735 0.15871142
0.019853458 0.17523561 0.029131513 0.1210075 0.13425305 0.11032647 0.007537329 0.13780789 0.114576735 0.15871142
0.019853458 0.17523561 0.029131513 0.1210075 0.13425305 0.11032647 0.007537329 0.13780789 0.114576735 0.15871142
0.23879927 0.0022144988 0.27579275 0.06951239 0.06988217 0.051443685 0.26031017 0.005591033 0.03252601 0.0019780283
0.019853458 0.17523561 0.029131513 0.1210075 0.13425305 0.11032647 0.007537329 0.13780789 0.114576735 0.15871142
0.019853458 0.17523561 0.029131513 0.1210075 0.13425305 0.11032647 0.007537329 0.13780789 0.114576735 0.15871142
0.019853458 0.17523561 0.029131513 0.1210075 0.13425305 0.11032647 0.007537329 0.13780789 0.114576735 0.15871142
0.23879927 0.0022144988 0.27579275 0.06951239 0.06988217 0.051443685 0.26031017 0.005591033 0.03252601 0.0019780283
0.019853458 0.17523561 0.029131513 0.1210075 0.13425305 0.11032647 0.007537329 0.13780789 0.114576735 0.15871142
0.019853458 0.17523561 0.029131513 0.1210075 0.13425305 0.11032647 0.007537329 0.13780789 0.114576735 0.15871142
0.019853458 0.17523561 0.029131513 0.1210075 0.13425305 0.11032647 0.007537329 0.13780789 0.114576735 0.15871142
0.019853458 0.17523561 0.029131513 0.1210075 0.13425305 0.11032647 0.007537329 0.13780789 0.114576735 0.15871142
0.019853458 0.17523561 0.029131513 0.1210075 0.13425305 0.11032647 0.007537329 0.13780789 0.114576735 0.15871142
